 459924 0
 408857 1
  73994 10
    410 100
      1 1001
      1 1005
      1 1007
    400 101
      1 1012
    388 102
      1 1021
      1 1022
      1 1023
      2 1026
    372 103
      1 1032
      1 1033
      1 1035
      1 1036
      2 1038
      1 1039
    370 104
      1 1040
      1 1044
      1 1045
    406 105
      4 1057
    329 106
      1 1064
      1 1067
    339 107
      1 1074
      1 1076
    357 108
      2 1082
      1 1084
    335 109
      1 1097
  64172 11
    370 110
      1 1100
      1 1106
    310 111
      1 1112
      1 1119
    286 112
      1 1122
      1 1127
    304 113
      2 1132
      1 1133
      1 1137
    292 114
      1 1140
    271 115
      1 1150
      2 1154
      1 1157
    288 116
      1 1163
      1 1167
    271 117
      1 1172
    266 118
      1 1185
      1 1186
      1 1189
    267 119
      1 1199
  56530 12
    264 120
      1 1200
      1 1205
      1 1208
      1 1209
    263 121
      1 1215
    224 122
    261 123
      1 1234
    242 124
      1 1249
    223 125
      1 1250
      1 1253
      1 1258
    196 126
      1 1269
    208 127
      1 1279
    215 128
      1 1281
      1 1286
    199 129
      1 1290
      1 1299
  50035 13
    190 130
      1 1302
    197 131
      1 1319
    226 132
      1 1325
    201 133
      1 1337
    205 134
      1 1345
      1 1346
    177 135
    204 136
      1 1366
      1 1367
    200 137
      1 1379
    151 138
      1 1389
    159 139
      1 1393
  43759 14
    159 140
    178 141
      1 1413
    164 142
      1 1421
      1 1425
    151 143
      1 1431
    165 144
    159 145
    161 146
    146 147
    150 148
    130 149
      1 1496
  38900 15
    120 150
      1 1505
    109 151
    135 152
    124 153
    113 154
      1 1547
      1 1549
    142 155
      1 1559
    109 156
      1 1562
      1 1565
     95 157
      1 1570
    121 158
      1 15835
      1 1585
      1 1587
    115 159
  34403 16
    111 160
      1 1600
    105 161
     93 162
      1 1624
    120 163
      1 1634
    100 164
    104 165
      1 1650
    105 166
      1 1662
     97 167
      1 1671
    105 168
      1 1685
     88 169
  30954 17
    102 170
     94 171
     97 172
     86 173
      1 1735
    102 174
     82 175
      1 1756
     82 176
     74 177
     77 178
     90 179
  27856 18
     80 180
     80 181
     91 182
     79 183
     77 184
     78 185
     67 186
     63 187
     85 188
      1 1884
      1 1887
     61 189
  24957 19
     83 190
     67 191
     67 192
     81 193
     61 194
     69 195
      1 1956
     51 196
     80 197
      1 1972
     61 198
      1 1981
     57 199
      1 1996
 333718 2
  22653 20
     62 200
     56 201
     57 202
     51 203
     49 204
     58 205
     56 206
     48 207
      1 2074
      1 2079
     51 208
     57 209
  20648 21
     52 210
     58 211
      1 2118
     49 212
     44 213
     53 214
     46 215
     45 216
     39 217
     38 218
     41 219
      1 2198
  18673 22
     48 220
     50 221
     49 222
     46 223
     44 224
     39 225
     41 226
     37 227
     43 228
     41 229
  16910 23
     47 230
      1 2309
     33 231
     47 232
     36 233
      1 2334
     50 234
     38 235
     53 236
     37 237
     30 238
      1 2387
     52 239
  15771 24
     34 240
     41 241
     42 242
      1 2429
     34 243
     29 244
     32 245
     37 246
      1 2466
      1 2469
     37 247
      1 2472
      1 2476
     26 248
     40 249
  14251 25
     27 250
     27 251
     39 252
     29 253
     36 254
      1 2545
     33 255
     29 256
     32 257
     31 258
     27 259
  13119 26
     32 260
     25 261
     26 262
     23 263
     27 264
     37 265
     29 266
     32 267
     27 268
     34 269
  12015 27
     24 270
     14 271
     24 272
     15 273
     25 274
     25 275
     30 276
     22 277
     30 278
     19 279
  11317 28
     18 280
     24 281
     18 282
     21 283
     17 284
     21 285
     30 286
     25 287
     18 288
     23 289
  10251 29
     26 290
      1 2902
     20 291
     20 292
      1 2928
     15 293
     20 294
     21 295
     20 296
      1 2968
     18 297
     14 298
      1 2980
     17 299
 269068 3
   9449 30
     17 300
     14 301
     18 302
     19 303
     14 304
      1 3049
     20 305
      8 306
     17 307
     24 308
      1 3081
     15 309
   8769 31
     27 310
     12 311
     18 312
     11 313
     18 314
     16 315
     12 316
     12 317
      1 3176
      1 3179
     17 318
     17 319
   8288 32
     16 320
     12 321
     10 322
     18 323
     11 324
     13 325
     17 326
     10 327
     18 328
     18 329
   7670 33
      8 330
     12 331
     19 332
     12 333
      1 3339
     13 334
      1 3345
     15 335
     14 336
     17 337
     10 338
      7 339
   7091 34
     11 340
     13 341
     18 342
     17 343
      9 344
     15 345
     11 346
     12 347
     16 348
     15 349
   6827 35
     11 350
     14 351
      1 3517
     10 352
      6 353
     11 354
     13 355
     11 356
      9 357
     10 358
      9 359
   6174 36
     10 360
      9 361
     18 362
     10 363
      9 364
     11 365
      9 366
     11 367
     15 368
      8 369
   5943 37
      6 370
      6 371
     14 372
     14 373
      7 374
      6 375
      8 376
      7 377
      9 378
      2 379
   5413 38
      8 380
     13 381
      8 382
     10 383
     10 384
     12 385
      8 386
     11 387
      7 388
     10 389
   5236 39
      5 390
      8 391
      8 392
      4 393
      8 394
      2 395
      6 396
      8 397
      5 398
      6 399
 215443 4
   4910 40
      7 400
     10 401
     12 402
     13 403
      9 404
      3 405
      8 406
      5 407
      6 408
      8 409
   4606 41
      9 410
      5 411
      7 412
      9 413
     10 414
     10 415
      4 416
     10 417
      5 419
   4284 42
      5 420
      3 421
      5 422
      8 423
      7 424
      7 425
      3 426
      4 427
      8 428
      7 429
   4078 43
      9 430
      6 431
      7 432
      2 433
      5 434
      5 435
      2 436
      4 437
     10 438
      5 439
   3776 44
      7 440
      3 441
      4 442
      8 443
     10 444
      6 445
      1 4452
      7 446
      9 447
      3 448
      6 449
   3629 45
      8 450
      5 451
      5 452
      7 453
      4 454
      1 455
      6 456
      4 457
      4 458
      4 459
   3291 46
      5 460
      6 461
      6 462
      4 463
      4 464
      3 465
      3 466
      5 467
      4 468
      5 469
   3208 47
      5 470
      4 471
      5 472
      4 473
     10 474
      4 475
      3 476
      2 477
      6 478
      5 479
   3084 48
      5 480
      4 481
      2 482
      5 483
      4 484
      2 485
      7 486
      6 487
      2 488
      5 489
   2900 49
      3 490
      4 491
      3 492
      2 493
      3 494
      7 495
      3 496
      3 497
      5 498
      2 499
 176301 5
   2657 50
      5 500
      7 501
      5 502
      5 503
      3 504
      4 505
      5 506
      6 507
      2 508
      1 509
   2595 51
      3 510
      3 511
      3 512
      4 513
      4 514
      3 515
      3 516
      5 517
      4 518
      2 519
   2513 52
      3 520
      1 521
      1 522
      2 523
      1 524
      2 525
      5 526
      3 527
      4 528
      3 529
   2366 53
      5 530
      5 531
      2 532
      3 533
      2 534
      4 535
      3 536
      4 537
      3 538
      1 5385
      4 539
   2208 54
      1 540
      4 541
      1 542
      3 543
      4 544
      1 545
      6 546
      5 547
      3 548
      4 549
   2253 55
      4 550
      3 551
      2 552
      5 553
      8 554
      2 556
      4 557
      2 558
      4 559
   1985 56
      3 560
      3 561
      4 562
      6 563
      2 564
      3 565
      4 566
      1 567
      3 568
   1979 57
      5 570
      1 571
      3 572
      1 573
      1 574
      5 575
      3 576
      1 577
      4 578
      3 579
   1843 58
      3 580
      5 581
      2 582
      6 583
      1 584
      2 585
      2 586
      1 587
      3 588
      3 589
   1877 59
      3 591
      4 592
      5 593
      3 594
      1 597
      1 598
      1 599
 144403 6
   1742 60
      5 600
      3 601
      2 602
      2 603
      1 604
      1 605
      1 607
      2 608
      1 609
   1627 61
      3 610
      1 611
      2 612
      1 613
      5 615
      3 616
      2 617
      4 618
   1571 62
      2 622
      1 623
      1 624
      5 626
      2 627
      4 628
      1 629
   1473 63
      5 630
      3 631
      2 632
      4 634
      2 635
      1 636
      1 637
      1 638
   1446 64
      3 640
      2 641
      1 642
      2 643
      1 644
      1 645
      1 647
      1 648
      3 649
   1340 65
      2 650
      1 651
      2 653
      1 6539
      3 654
      1 655
      3 656
      2 657
      1 658
      2 659
   1269 66
      2 661
      2 662
      3 663
      2 664
      2 665
      3 666
      1 668
      1 669
   1286 67
      2 671
      2 672
      1 673
      3 674
      1 676
      4 677
   1253 68
      2 680
      2 681
      3 682
      1 683
      2 684
      2 685
      3 686
      1 689
   1203 69
      2 690
      2 691
      2 692
      3 693
      1 694
      1 695
      2 696
      3 698
      3 699
 120319 7
   1115 70
      2 700
      3 701
      5 702
      2 703
      1 705
      1 707
      3 709
   1081 71
      1 710
      1 711
      3 712
      1 713
      5 714
      1 715
      2 716
      2 717
      2 718
      1 719
   1073 72
      7 722
      4 723
      2 724
      3 727
      2 729
   1016 73
      1 730
      1 731
      1 732
      2 733
      1 734
      1 736
      1 738
   1021 74
      1 742
      1 744
      1 745
      1 747
      2 748
      1 749
    973 75
      1 752
      1 753
      1 757
      2 758
    895 76
      2 760
      1 762
      1 763
      3 765
      1 767
      2 769
    892 77
      1 770
      1 771
      1 774
      1 775
      1 777
      1 778
      1 779
    860 78
      2 780
      1 784
      1 785
      1 788
    795 79
      1 796
      1 797
 101095 8
    741 80
      1 800
      1 801
      1 803
      3 804
      2 806
      1 807
    715 81
      1 810
      1 813
      1 814
      1 815
      2 819
    714 82
      1 821
      1 822
      3 824
      2 826
      1 827
      1 828
      1 829
    703 83
      3 831
      2 832
      1 833
      1 834
      1 835
      2 836
      1 837
      2 838
      1 839
    713 84
      1 845
      1 849
    658 85
      1 852
      1 857
      1 859
    656 86
      2 863
      1 866
      2 868
    626 87
      1 870
      1 871
      2 873
      2 874
      2 876
    582 88
      1 884
      1 885
      1 886
    561 89
      1 896
      1 899
  85924 9
    557 90
      1 901
      1 904
      1 905
      1 908
    529 91
      2 910
      1 911
      1 915
      1 916
      1 919
    511 92
      1 922
      1 923
      1 926
    521 93
      1 931
      1 933
      1 934
      1 939
    511 94
      1 941
      1 945
      1 947
    460 95
      1 950
      1 958
    491 96
      1 961
      3 962
      1 964
    444 97
      1 971
      1 975
      2 977
      2 978
    433 98
      1 981
      2 983
      1 985
    407 99
      1 990
      1 993
      3 996
      1 998
      1 helpful_votes
